1908
1938
2426
2491
2629
3058
3382
3467
3625
3689
3815
3896
4683
1587
1627
1818
1998
2063
2284
2348
2356
2444
2458
2461
2516
2554
2566
2587
2589
2694
2719
2722
2726
2732
2735
2736
2744
2753
2760
2780
2815
2821
2859
2921
2959
3112
3184
3199
3218
3226
3239
3274
3302
3305
3325
3336
3339
3345
3360
3366
3370
3413
3552
3567
3590
3653
3658
3671
3688
3707
3721
3732
3772
3787
3850
3853
3861
3867
3868
3871
3884
3892
3963
3977
3979
4001
4005
4024
4105
4189
4197
4198
4217
4224
4226
4282
4300
4306
4309
4318
4458
4462
4515
4516
4590
4652
4653
4676
4695
4704
